67.8993061822598 -26.6796446081446
64.45779151773995 -37.04175798469197
61.589841997559034 -45.21558610969197
62.455633697932115 -48.64332048469197
64.60895778382192 -54.25183640115279
67.69641494951007 -77.63695061406327
69.11589506261383 -91.62484286062823
70.27039350653462 -90.87007206059866
71.47941954803304 -88.14546268559866
75.4128166457324 -95.86462844477188
76.12566564612725 -105.09314406977188
78.3178645736643 -104.30212844477188
78.7029806574839 -98.23767531977188
62.37311338615632 -111.32319548677128
77.46588779895998 -70.39178266970498
77.41005879429224 -67.67578125
75.11984863574695 -62.05078125
77.42920214777604 -55.107421875
75.56462030768941 -52.55859375
75.95377241500141 -40.25390625
71.93767484802841 -31.13658495945407
76.64776783948346 -21.413187042013078
74.5999308031878 -25.192483917013078
73.36364484114692 -22.731546417013078
50.8400964278547 -35.03623391701302
43.07012963224727 -29.996863832756958
45.5844794909955 -59.08866070775696
23.97771654860678 -79.63519573123529
27.226787485831025 -84.82074260623529
20.97323339945056 -90.35785198123529
26.57675595371588 -114.2946623953593
13.22713241598187 -115.5251311453593
27.047016450214723 -141.55614917426863
21.179572550561797 -166.26157082095767
35.57939707222545 -152.81430519595767
22.00909688284126 -171.79725473185897
29.436827560648204 -174.37207577488567
37.48977029651794 -175.51465389988567
80.69711659939551 -46.51154874583085
80.45978199752437 -40.458697124955734
80.10375272175696 -38.612993999955734
80.22386740327858 -34.570025249955734
82.48355048849267 -38.76373432453494
82.34431948694635 -42.80670307453494
84.34580890578708 -28.480531199534937
83.80171898863581 -38.50708767811852
84.18777964269758 -55.99732205311852
84.18777964269758 -55.29419705311852
