68.62064066785902 -24.80733902599013
67.58913331193715 -26.379661011328153
63.757441523092076 -24.73346229434378
64.09288318686879 -31.05205855204349
65.70001113755337 -30.985120819978306
64.23965394838841 -37.88961814231061
66.6018311978748 -45.22119398715415
66.93120037312681 -45.83642836215415
60.97725826591315 -46.03135918896703
63.13516260654587 -74.53629422803806
66.84393441832395 -84.23982333418957
67.69289357216145 -86.12947177168957
68.9001049661719 -93.80263002409544
64.47867981835044 -106.28309877409544
71.80567599104312 -103.42665346159544
71.92192199127214 -99.0100644721544
72.42837905240968 -96.05016329499614
73.57068406278806 -96.09686582492628
75.74340122077467 -96.04246183087355
76.79204932949304 -98.68918555461909
77.78743923134797 -99.65598242961909
77.33130336933097 -104.78527021781957
77.79936573042345 -77.20196318606872
79.22571425366434 -70.60779666651695
78.68992446280303 -68.67420291651695
78.57618490034004 -69.70607118591897
77.11341955817419 -63.199300919476514
72.44454061385814 -29.246944854440244
68.65492542133967 -37.20000367000614
67.52174815328554 -71.75213630474389
70.31133897932193 -73.80164155572061
72.69763282649839 -81.31291219070243
72.68168749009362 -65.34333339431134
83.68353674438711 -48.215278023683254
81.75838107497579 -44.86764414170659
45.191463563416484 -73.7329860140577
21.30182201991487 -121.58652475833009
