66.11446954421375 -28.22759701413321
66.53794606125678 -24.096737639133153
65.70189428784775 -21.943417326633153
64.44266983235427 -25.678768889133153
67.4144113883852 -32.00689388913321
67.0573318671856 -30.68853451413321
66.23872169948505 -30.99615170163321
68.25978835463533 -26.733456389133153
69.70912015521193 -29.76568295163321
66.48540125928722 -38.42290951413321
65.88209145207861 -78.36919857663321
66.72966389794603 -72.70025326413321
67.31292935771052 -70.89849545163321
69.20020181850033 -91.25616146725821
74.11940668635442 -96.16653914097628
73.30615133433214 -102.89017195347628
71.6813420458216 -105.30716414097628
76.15641739543086 -97.13333601597628
76.38585960241471 -98.01224226597628
76.48891431148284 -106.71341414097628
78.84444988308168 -105.56178559600022
80.05794165319011 -100.94752778350022
79.78884677037018 -101.78248872100022
80.86916948501276 -84.16072276469907
79.74061103918574 -78.24275752250202
76.23536435091661 -71.16756221000202
77.22349989832556 -65.80623408500202
79.30107791635788 -68.13533564750202
80.53068715759785 -68.35506221000202
81.57517572973951 -66.33357783500202
75.99349808462055 -51.03906212993513
75.9508900152728 -51.161817448635134
70.59520936561822 -70.22722840938832
71.48975629922249 -67.60498317014742
73.04154732974375 -64.00146754514742
70.59040011356485 -44.97314723264742
70.19070517966355 -76.18621481022336
58.32390141656029 -111.33329995011746
63.906085910855886 -88.90943975968628
58.08754962639686 -72.64494368216043
54.13885202401561 -161.19392693150843
17.418664269948962 -165.82474614805335
6.829012440025968 -134.5557717130382
40.47372398603967 -57.4386039334081
40.16515112800919 -100.70144147471177
38.70046116729606 -92.77762336633907
81.17795800506009 -51.36983651962032
81.64382549820401 -51.98507089462032
82.87917073906748 -46.11373268996056
79.9164577457613 -44.588089365201256
81.26306492737116 -26.998296567957937
79.18126064788521 -16.993323443662234
83.15053034494848 -20.733437887942728
82.62265650219081 -17.525430075442728
