65.3074305450386 -23.24664841797653
64.90044349543943 -25.39996873047653
68.41147799486954 -30.54157029297653
68.03652305361383 -29.83844529297653
69.86626717569118 -27.15778123047653
63.64158423056293 -33.96930466797653
64.41191866466892 -36.71661351447733
70.96062095374519 -46.86798070197733
70.81674266533754 -36.62872288947733
60.9887365381087 -46.888391809626796
65.23339463047319 -53.128626184626796
66.28315229645463 -72.27474423060335
63.1726397966421 -72.67025204310335
70.65518969261272 -75.76582165369905
63.327345530301024 -103.2771458155562
72.15047665787905 -92.82962018322422
76.52213826043021 -108.6395819694776
77.72669487273167 -92.69168138770016
78.14908544773756 -98.44851732520016
80.7342462122227 -85.2895968025245
78.60439676741046 -88.77611148735554
81.88961052140256 -71.925196995119
80.06198632247896 -68.17085379400788
79.1425571222175 -69.11310309210359
76.31265395642833 -69.04295323049735
75.03695476268821 -63.880099787039626
76.60579440435323 -57.05363546861662
82.6451627651623 -34.2927212546266
82.6247655466943 -34.28708547162432
83.70589197244546 -60.389835247321685
41.28148826054064 -85.09854075615658
33.104849483509796 -81.45107981865658
